kinematics:
  shoulder:
    x: 0
    y: 0
    z: 0.16276161126502631
    roll: -0
    pitch: 0
    yaw: -5.9916815065008677e-08
  upper_arm:
    x: 0.0001171864022656332
    y: 0
    z: 0
    roll: 1.5686958229804862
    pitch: 0
    yaw: 2.3501435826280941e-06
  forearm:
    x: -0.42554774043861338
    y: 0
    z: 0
    roll: 3.1412799798609514
    pitch: 3.1384185728134986
    yaw: 3.1415886941004976
  wrist_1:
    x: -0.39264703225934261
    y: -0.00044902491657456442
    z: 0.13354439454195219
    roll: 0.0033623517181430021
    pitch: -0.0013853864319779878
    yaw: 1.0526430104087015e-05
  wrist_2:
    x: 2.4116519599756117e-06
    y: -0.099792659289643537
    z: 8.4231666986454295e-05
    roll: 1.5699522602314593
    pitch: 0
    yaw: 4.5124556646847231e-08
  wrist_3:
    x: -1.6256036906735801e-06
    y: 0.099637727999363421
    z: 0.00013652365545951486
    roll: 1.572166526344426
    pitch: 3.1415926535897931
    yaw: -3.14159262258105
  hash: calib_249131673464702783